eval_loss = 0.2078125774860382
eval_accuracy_score = 0.9506098088400657
eval_precision = 0.9485604036806174
eval_recall = 0.9490956609545306
eval_f1 = 0.9488279568296196
eval_runtime = 311.3177
eval_samples_per_second = 7.115
eval_steps_per_second = 0.89
epoch = 3.0
