eval_loss = 0.19150547683238983
eval_accuracy_score = 0.9540985497217657
eval_precision = 0.951734987681439
eval_recall = 0.9522437706037836
eval_f1 = 0.9519893111638955
eval_runtime = 259.7355
eval_samples_per_second = 8.528
eval_steps_per_second = 1.066
epoch = 3.0
