eval_loss = 0.04392733424901962
eval_accuracy_score = 0.9881498140299282
eval_precision = 0.9859849548959017
eval_recall = 0.9861388611388612
eval_f1 = 0.9860619020118936
eval_runtime = 206.704
eval_samples_per_second = 10.716
eval_steps_per_second = 1.34
epoch = 3.0
