eval_loss = 0.032154906541109085
eval_accuracy_score = 0.9904275870022777
eval_precision = 0.9886370731098209
eval_recall = 0.9886988011988012
eval_f1 = 0.9886679361908033
eval_runtime = 235.2893
eval_samples_per_second = 9.414
eval_steps_per_second = 1.177
epoch = 3.0
